{
    "date": "2023-09-17 18:09:39.825157",
    "distortion_matrix": {
        "type_id": "opencv-matrix",
        "rows": 3,
        "cols": 3,
        "dt": "d",
        "data": [ 9.0700469865447012e+04, 0.0, 7.5006508108199341e+02,
            0.0, 9.0697955278294685e+04, 1.0019268087101423e+03, 0.0,
            0.0, 1.0 ]
    },
    "distortion_coefficients": {
        "type_id": "opencv-matrix",
        "rows": 1,
        "cols": 5,
        "dt": "d",
        "data": [ 2.2367345625204438e+00, 1.1299925042064417e-02,
            -2.6490847056870404e-03, -7.4639262537484130e-03,
            2.7439590629950624e-06 ]
    }
}
